1 2
1 3
1 4
1 5
1 6
1 25
1 26
1 27
1 44
1 157
1 162
1 163
1 164
1 166
2 4
2 5
2 6
2 8
2 14
2 19
2 25
2 157
2 162
2 164
2 166
3 4
3 5
3 6
3 7
3 15
3 26
3 162
3 166
3 167
4 5
4 11
4 13
4 14
4 44
4 162
4 164
4 166
5 6
5 9
5 12
5 26
5 27
5 157
5 164
6 9
6 18
6 27
6 162
6 163
6 164
7 15
7 16
7 26
7 166
7 167
8 10
8 14
8 19
8 22
8 25
8 36
8 101
8 157
8 162
9 12
9 17
9 20
9 26
9 27
9 71
9 102
10 14
10 19
10 22
10 24
10 25
10 36
10 42
10 118
11 13
11 14
11 21
11 28
11 35
11 101
11 162
12 17
12 20
12 26
12 29
12 102
13 21
13 28
13 44
13 84
13 100
14 35
14 36
14 48
14 101
14 162
15 16
15 23
15 26
15 43
15 102
15 167
16 23
16 38
16 43
16 167
17 20
17 27
17 33
17 40
17 71
17 81
18 27
18 32
18 46
18 65
18 163
18 164
18 165
19 24
19 25
19 42
19 111
19 118
20 29
20 33
20 34
20 40
20 102
21 28
21 37
21 80
21 84
22 24
22 30
22 36
22 39
22 48
22 75
23 31
23 38
23 41
23 43
23 57
23 126
24 30
24 39
24 42
24 49
24 118
25 42
25 111
25 157
26 29
26 43
26 102
27 65
27 71
27 163
28 35
28 47
28 62
28 80
28 85
29 34
29 43
29 55
29 102
29 124
29 131
30 36
30 39
30 48
30 52
30 61
30 75
31 38
31 41
31 50
32 46
32 65
32 86
32 114
32 163
32 165
33 34
33 40
33 45
33 82
34 45
34 51
34 55
34 63
34 92
35 48
35 62
35 101
36 48
36 101
37 58
37 80
37 84
37 87
37 112
39 49
39 52
39 53
39 56
39 61
39 74
39 118
40 45
40 71
40 81
40 82
40 88
41 50
41 54
41 57
41 89
41 126
42 49
42 68
42 111
42 118
42 121
43 57
43 102
43 131
44 100
44 162
45 51
45 63
45 78
45 82
45 128
46 65
46 83
46 86
47 62
47 66
47 80
47 85
47 112
48 62
48 75
48 101
48 117
49 56
49 68
49 74
49 99
49 118
49 121
50 54
50 59
50 67
51 55
51 60
51 63
51 92
51 93
51 129
52 61
52 70
52 75
52 98
53 61
53 64
53 73
53 74
53 91
53 98
53 135
54 67
54 79
54 89
54 126
55 92
55 102
55 109
55 124
55 131
56 64
56 69
56 74
56 99
56 121
57 109
57 124
57 126
57 131
58 87
58 96
58 112
59 67
59 72
59 110
60 63
60 92
60 93
60 123
60 129
61 70
61 74
61 98
62 85
62 101
62 117
62 122
63 76
63 78
63 92
63 93
64 74
64 91
64 135
65 71
65 114
66 77
66 112
67 72
67 110
68 118
68 121
68 146
69 99
69 141
70 75
70 98
70 108
71 81
72 107
72 110
73 98
73 113
73 120
73 135
74 135
75 117
76 78
76 93
76 94
76 103
76 130
76 138
77 127
78 82
78 93
78 94
78 128
78 138
79 89
79 143
80 84
80 112
81 88
82 88
82 94
82 128
83 86
83 95
84 87
85 97
85 122
87 96
88 90
88 128
89 126
90 119
91 105
91 135
92 124
92 129
93 103
94 104
94 128
94 138
94 151
95 125
96 133
97 115
98 113
99 121
100 116
102 131
103 106
103 130
104 134
104 138
104 151
105 135
105 137
106 130
106 136
107 110
107 139
108 142
109 124
109 126
109 131
109 150
111 157
113 120
113 132
115 147
117 122
117 148
118 121
120 132
120 156
121 146
122 148
123 129
123 149
124 131
124 150
125 155
130 136
132 156
133 152
134 151
134 153
136 145
137 140
138 151
141 158
144 156
149 160
151 153
152 154
157 162
162 164
162 166
163 164
163 165
164 165
166 167
