2.61944665934496
2.47563431333065
1.20081662954714
4.12920459042343
2.63975286105455
5.01963663057442
0.00207480836839375
2.00014819205691
4.00586275816123
2
5.68986478104454
3.95390385271054
6.00424178154825
2.29857506841559
0.0849060957039361
0
4
7.74661746617466
2
4
6
2
0
2
2
1.99305942864225
4.64636294991191
6
3.98577235772358
2
0
8
4
4
5.94750069812901
2.01340814690665
6
0
2
4
0
2
0.0574496644295302
6.76780185758514
4
8
6
2.03990988091406
2
0
4
2
2
0
4
2
0
6
0
4
2
5.99459824442944
4
2
7.33123028391167
6
0
2
2
2
4.0782874617737
0
2
2
2
4
6
4
0
6
4.00691443388073
4
8
6
6
8
6
4
0
4
2
4
4
4
8
6
6
2
2
9.71891891891892
2.83866795990947
2.55680296631991
4
4
2
4
0
2
0.70026525198939
0
2
6
2
7.97452229299363
6
10
2.04255319148936
2
4
2
2
5.86206896551724
4
3.94202898550725
8
0
6
4
4
4
2.63717746182201
2
6
4
2
4
2
4
0
2
2
2
0
2
4
2
6
5.93333333333333
4
4
4
6
4
6
8
2
2.00248269276677
2
0
4
4
7.97687861271676
3.14166666666667
7.16916916916917
8
0.343417366946779
0
