1 2
1 3
1 4
2 4
3 4
1 5
2 5
3 5
4 5
1 6
2 6
3 6
5 6
3 7
2 8
5 9
6 9
8 10
4 11
5 12
9 12
4 13
11 13
2 14
4 14
8 14
10 14
11 14
3 15
7 15
7 16
15 16
9 17
12 17
6 18
2 19
8 19
10 19
9 20
12 20
17 20
11 21
13 21
8 22
10 22
15 23
16 23
10 24
19 24
22 24
1 25
2 25
8 25
10 25
19 25
1 26
3 26
5 26
7 26
9 26
12 26
15 26
1 27
5 27
6 27
9 27
17 27
18 27
11 28
13 28
21 28
12 29
20 29
26 29
22 30
24 30
23 31
18 32
17 33
20 33
20 34
29 34
33 34
11 35
14 35
28 35
8 36
10 36
14 36
22 36
30 36
21 37
16 38
23 38
31 38
22 39
24 39
30 39
17 40
20 40
33 40
23 41
31 41
10 42
19 42
24 42
25 42
15 43
16 43
23 43
26 43
29 43
1 44
4 44
13 44
33 45
34 45
40 45
18 46
32 46
28 47
14 48
22 48
30 48
35 48
36 48
24 49
39 49
42 49
31 50
41 50
34 51
45 51
30 52
39 52
39 53
31 54
41 54
50 54
29 55
34 55
51 55
39 56
49 56
23 57
41 57
43 57
37 58
50 59
51 60
30 61
39 61
52 61
53 61
28 62
35 62
47 62
48 62
34 63
45 63
51 63
60 63
53 64
56 64
18 65
27 65
32 65
46 65
47 66
50 67
54 67
59 67
42 68
49 68
56 69
52 70
61 70
9 71
17 71
27 71
40 71
65 71
59 72
67 72
53 73
39 74
49 74
53 74
56 74
61 74
64 74
22 75
30 75
48 75
52 75
70 75
63 76
66 77
45 78
63 78
76 78
54 79
21 80
28 80
37 80
47 80
17 81
40 81
71 81
33 82
40 82
45 82
78 82
46 83
13 84
21 84
37 84
80 84
28 85
47 85
62 85
32 86
46 86
83 86
37 87
58 87
84 87
40 88
81 88
82 88
41 89
54 89
79 89
88 90
53 91
64 91
34 92
51 92
55 92
60 92
63 92
51 93
60 93
63 93
76 93
78 93
76 94
78 94
82 94
83 95
58 96
87 96
85 97
52 98
53 98
61 98
70 98
73 98
49 99
56 99
69 99
13 100
44 100
8 101
11 101
14 101
35 101
36 101
48 101
62 101
9 102
12 102
15 102
20 102
26 102
29 102
43 102
55 102
76 103
93 103
94 104
91 105
103 106
72 107
70 108
55 109
57 109
59 110
67 110
72 110
107 110
19 111
25 111
42 111
37 112
47 112
58 112
66 112
80 112
73 113
98 113
32 114
65 114
97 115
100 116
48 117
62 117
75 117
10 118
19 118
24 118
39 118
42 118
49 118
68 118
90 119
73 120
113 120
42 121
49 121
56 121
68 121
99 121
118 121
62 122
85 122
117 122
60 123
29 124
55 124
57 124
92 124
109 124
95 125
23 126
41 126
54 126
57 126
89 126
109 126
77 127
45 128
78 128
82 128
88 128
94 128
51 129
60 129
92 129
123 129
76 130
103 130
106 130
29 131
43 131
55 131
57 131
102 131
109 131
124 131
113 132
120 132
96 133
104 134
53 135
64 135
73 135
74 135
91 135
105 135
106 136
130 136
105 137
76 138
78 138
94 138
104 138
107 139
137 140
69 141
108 142
79 143
136 145
68 146
121 146
115 147
117 148
122 148
123 149
109 150
124 150
94 151
104 151
134 151
138 151
133 152
134 153
151 153
152 154
125 155
120 156
132 156
144 156
1 157
2 157
5 157
8 157
25 157
111 157
141 158
149 160
1 162
6 162
18 162
27 162
32 162
1 163
2 163
3 163
4 163
6 163
8 163
11 163
14 163
157 163
1 164
2 164
4 164
5 164
6 164
18 164
162 164
163 164
18 165
32 165
162 165
164 165
1 166
2 166
3 166
4 166
7 166
163 166
3 167
7 167
15 167
16 167
166 167
