1
269
274
374
462
1078
1161
1191
2993
3021
3025
3034
3110
3317
3694
3859
3879
4041
4066
5380
5935
6417
6455
6456
6502
6900
7174
13016
13152
13202
13233
13449
13456
13721
13724
13763
13959
13985
14072
15084
15809
15829
15900
16431
16449
16537
16677
16930
17062
17209
26390
26528
26584
26611
27155
27172
27330
29334
30861
31174
59945
59975
60024
60044
60049
60058
60307
60358
60374
60445
60496
60522
60565
60568
60579
60597
60659
60763
60764
61134
61162
61612
61715
61766
61852
61946
61956
62825
62878
62885
63395
63401
63418
63468
63534
63627
63658
64016
64334
64415
64497
65273
66143
66495
70223
70693
71244
71537
71555
73136
73170
73814
74008
74661
74679
74905
75089
75492
75573
76102
76743
77231
77257
78126
80099
80253
80521
81694
83427
83941
83976
90188
92280
96792
96864
109030
113608
113858
119538
119545
119579
119590
119608
119744
120145
120662
120803
120992
121026
122221
124098
126721
128293
128395
138185
139633
141914
142128
142415
142416
144841
151853
152944
208436
211541
239833
262908
