1 66471
2 44696
3 37718
4 20218
5 42731
6 10900
7 17353
8 26994
9 15012
10 18179
11 8063
12 14667
13 3774
14 21196
15 21673
16 14845
17 8684
18 1628
19 17975
20 8820
21 1834
22 10313
23 9557
24 8153
25 20472
26 32276
27 7948
28 2908
29 5906
30 5421
31 6310
32 822
33 4601
34 4795
35 3583
36 13725
37 602
38 4329
39 6181
40 2503
41 5689
42 6181
43 7452
44 1617
45 2738
46 469
47 1602
48 3109
49 5235
50 3245
51 2593
52 2840
53 1611
54 2344
55 2916
56 2892
57 2859
58 91
59 781
60 991
61 3395
62 1483
63 2381
64 3135
65 953
66 867
67 4314
68 1109
69 1104
70 609
71 3272
72 1400
73 576
74 4715
75 1737
76 811
77 346
78 1160
79 754
80 1846
81 1159
82 1246
83 335
84 550
85 847
86 420
87 351
88 502
89 1838
90 104
91 1230
92 1894
93 1183
94 607
95 130
96 151
97 375
98 1653
99 2605
100 187
101 6188
102 9711
103 331
104 216
105 421
106 79
107 406
108 207
109 379
110 1607
111 3145
112 1140
113 386
114 316
115 88
116 72
117 190
118 7458
119 19
120 116
121 3230
122 495
123 262
124 623
125 18
126 3045
127 83
128 566
129 793
130 90
131 1901
132 67
133 30
134 27
135 1144
136 17
137 72
138 255
139 47
140 11
141 256
142 31
143 74
144 5
145 4
146 101
147 12
148 122
149 60
150 72
151 67
152 16
153 11
154 6
155 7
156 24
157 20947
158 9
159 3
160 6
161 3
162 1040
163 31922
164 1001
165 182
166 3572
167 764
