1 2 9 11 12 13 21 25 26 27 39 42 48 49 50 51 54 57 69 71 74 76 79 84 87 89 90 92 94 95 96 100 103 106 107 114 116 117 119 121 126 128 129 130 131 135 136 143 145 146
3 4 5 8 13 14 16 17 18 20 24 28 29 30 31 32 35 36 37 38 47 48 54 55 57 58 59 62 65 68 70 75 77 82 83 85 86 88 91 93 94 97 104 105 106 108 110 112 113 120 122 123 127 132 133 134 137 140 141 142 144
6 7 10 22 23 34 40 43 44 46 61 63 72 98 99 101 118 125 139
4 15 18 19 20 24 28 29 35 36 37 45 55 62 66 68 73 75 77 82 85 88 93 97 102 104 105 110 115 120 132 133 134 141 144
33 44 46 64 67
5 7 14 17 30 31 32 40 41 43 47 56 58 80 81 108 109 112 113 122 123 124 137 138
2 8 11 13 18 20 21 25 26 27 39 45 48 49 50 51 52 54 55 57 59 62 65 74 76 77 82 84 87 88 89 90 93 94 96 97 102 103 106 110 116 117 119 121 127 129 133 135 143 144 145 146
40 53 56 64 80 109
13 59 60 106
8 9 12 13 16 38 42 54 55 65 68 69 70 71 74 78 79 83 86 89 91 92 94 97 100 103 106 107 114 116 126 127 130 131 132 135 136 140 142 143 145 146
73 111 118
