1 2
1 3
1 27
1 39
1 78
2 4
2 27
2 38
2 78
3 5
3 27
3 39
3 78
4 7
4 8
4 27
4 38
5 6
5 16
5 20
5 39
6 10
6 16
6 20
6 74
7 8
7 9
7 13
7 49
8 9
8 38
8 49
9 11
9 13
9 49
9 60
10 12
10 16
10 17
10 20
10 61
10 74
11 13
11 14
11 37
11 46
11 49
11 60
12 15
12 17
12 22
12 26
12 74
13 14
13 46
13 60
14 18
14 21
14 37
14 43
14 46
15 17
15 19
15 22
15 26
15 28
15 29
16 20
16 39
17 20
17 26
17 29
17 61
17 74
18 21
18 24
18 34
18 37
18 43
18 59
19 22
19 25
19 28
19 29
19 30
19 36
19 48
20 61
21 24
21 34
21 46
21 73
22 28
22 29
23 24
23 34
23 35
23 40
23 41
23 45
23 51
24 34
24 40
24 73
25 28
25 30
25 33
25 36
25 42
25 53
25 54
25 71
26 29
26 61
27 38
28 30
29 36
29 48
30 33
30 36
30 53
31 33
31 42
31 47
31 50
31 54
31 72
31 75
32 35
32 41
32 44
32 51
32 52
32 56
32 58
33 42
33 50
33 53
33 54
33 75
34 40
34 43
34 45
34 59
35 40
35 41
35 45
35 51
35 52
36 42
36 48
36 62
36 71
37 43
37 60
38 49
39 78
40 51
40 73
41 45
41 58
41 70
42 54
42 62
42 71
43 59
44 52
44 55
44 56
44 58
44 68
44 69
45 59
47 54
47 57
47 72
47 75
48 71
49 60
50 53
50 75
51 52
52 56
54 62
54 66
54 71
54 72
55 56
55 58
55 67
55 68
57 63
57 72
58 68
58 69
58 70
62 66
62 71
63 76
64 68
64 69
65 66
65 72
65 76
66 72
68 69
69 70
