1 2
1 3
1 25
1 38
1 112
1 113
1 115
2 5
2 25
2 112
2 113
2 115
3 4
3 38
3 62
3 112
3 114
4 6
4 22
4 38
4 62
4 114
5 7
5 21
5 25
5 115
6 9
6 11
6 22
6 62
6 64
6 114
7 8
7 10
7 21
7 102
7 115
8 10
8 13
8 19
8 58
8 60
8 102
8 103
9 11
9 12
9 15
9 36
9 80
10 13
10 19
10 21
10 58
10 102
11 12
11 22
11 36
11 64
11 80
12 14
12 15
12 36
12 64
12 80
13 16
13 17
13 19
13 37
13 60
13 103
14 15
14 18
14 27
14 32
14 36
14 57
14 86
15 18
15 27
15 36
15 80
16 17
16 19
16 20
16 31
16 33
16 37
16 60
17 20
17 29
17 31
17 33
17 60
17 103
18 23
18 27
18 30
18 32
18 43
19 37
19 58
19 103
20 24
20 28
20 29
20 31
20 33
20 52
20 85
21 25
21 58
22 62
22 64
23 26
23 30
23 32
23 43
23 50
23 59
24 28
24 29
24 33
24 39
24 48
24 52
24 65
24 85
25 112
25 115
26 30
26 34
26 40
26 47
26 50
26 55
26 70
27 43
27 80
28 29
28 35
28 39
28 42
28 48
28 52
28 65
29 31
29 39
30 40
30 43
30 70
31 60
32 50
32 57
32 59
32 86
33 37
33 52
33 85
34 40
34 44
34 47
34 49
34 55
35 39
35 41
35 42
35 48
35 51
35 54
35 82
36 57
36 64
37 58
37 85
38 62
38 112
38 113
39 42
39 98
40 44
40 68
40 70
41 42
41 45
41 51
41 54
41 66
41 71
42 51
42 98
43 70
44 49
44 63
44 68
44 87
45 61
45 66
45 71
45 73
45 81
45 84
46 49
46 53
46 56
46 63
46 67
46 69
46 74
47 49
47 55
47 72
47 78
47 88
48 52
48 65
48 82
48 97
49 53
49 63
49 74
49 87
50 55
50 59
50 72
50 110
51 66
51 98
52 65
52 85
53 74
53 78
53 96
54 71
54 79
54 82
54 93
55 72
55 88
55 110
56 67
56 74
56 75
56 77
56 99
57 86
59 72
59 86
59 110
60 103
61 73
61 76
61 81
61 83
61 84
62 64
63 69
63 87
65 82
65 97
66 84
67 69
67 77
67 105
68 70
69 87
71 73
71 79
72 88
72 110
73 76
73 79
73 84
73 92
74 75
74 99
75 77
75 99
75 100
76 81
76 83
76 89
77 100
77 101
77 105
78 88
79 92
79 93
79 108
81 83
81 84
82 93
82 97
83 89
83 104
86 110
89 104
90 106
91 92
91 107
92 108
93 97
93 108
94 100
95 96
95 99
95 106
96 99
100 101
101 105
102 103
112 114
113 115
