1 2
1 3
1 4
1 5
1 8
1 25
1 31
1 65
1 96
1 97
1 98
2 3
2 4
2 5
2 7
2 25
2 26
2 96
2 98
3 4
3 5
3 6
3 8
3 11
3 12
3 19
3 27
3 65
3 96
4 8
4 10
4 14
4 25
4 30
5 9
5 15
5 19
5 31
5 96
6 11
6 12
6 16
6 19
6 22
6 27
6 35
6 65
6 96
7 13
7 23
7 25
7 26
7 98
8 14
8 17
8 43
8 97
9 15
9 19
9 21
9 31
9 59
9 73
9 96
10 14
10 18
10 20
10 25
10 30
10 38
10 72
11 12
11 16
11 22
11 27
11 29
11 35
12 27
12 29
12 35
12 65
12 96
13 23
13 24
13 26
13 33
13 98
14 18
14 20
14 25
14 38
14 43
14 49
14 99
15 19
15 21
15 39
15 41
15 44
15 50
16 22
16 27
16 29
16 32
16 52
16 58
16 67
17 28
17 43
17 97
18 20
18 25
18 30
18 36
18 42
18 48
18 49
18 72
19 27
19 44
19 50
19 67
19 96
20 30
20 36
20 38
20 42
20 49
20 72
21 39
21 59
21 61
21 73
22 29
22 32
22 34
22 37
22 52
23 24
23 26
23 33
23 63
24 33
24 40
24 62
25 26
25 30
26 30
26 63
27 44
27 67
27 96
28 43
28 51
28 97
29 35
29 37
29 76
29 84
30 36
30 63
30 72
31 59
31 96
32 34
32 52
32 58
32 67
32 77
33 40
33 47
33 62
33 63
34 37
34 46
34 52
34 55
34 75
35 37
35 65
35 76
35 84
36 42
36 48
36 49
36 54
36 72
36 79
36 86
37 55
37 64
37 76
37 84
38 42
38 49
38 53
38 99
39 41
39 61
39 73
40 45
40 62
41 50
41 60
41 66
42 49
42 54
42 56
43 99
44 50
44 67
44 83
44 96
45 62
45 70
46 52
46 55
46 71
46 75
47 62
47 80
48 72
48 79
48 86
49 53
49 56
50 66
50 67
50 83
51 57
52 58
52 75
52 77
53 56
53 99
54 74
55 69
56 68
57 92
58 67
58 75
58 77
60 66
61 73
61 89
62 80
63 72
63 86
64 76
64 87
66 85
67 83
68 90
69 78
70 93
71 75
71 81
72 86
74 82
75 77
75 88
76 84
76 87
77 88
79 94
89 91
