1 2
1 3
1 36
1 56
1 57
2 4
2 29
2 56
2 57
3 5
3 16
3 36
3 56
3 57
4 7
4 8
4 19
4 29
4 56
5 6
5 16
5 36
5 57
6 9
6 11
6 15
6 16
6 36
6 45
7 8
7 12
7 19
7 29
7 51
8 10
8 12
8 19
8 26
8 51
9 11
9 13
9 15
9 16
9 22
9 45
10 12
10 14
10 21
10 26
10 34
10 42
11 13
11 15
11 20
11 22
12 26
12 34
13 17
13 20
13 22
13 27
13 38
14 18
14 21
14 26
14 28
14 34
14 42
15 16
15 45
16 36
16 45
17 20
17 23
17 27
17 30
17 32
17 38
18 21
18 25
18 28
18 31
18 33
18 43
19 29
19 51
20 30
21 28
21 33
21 34
21 42
22 38
22 45
23 24
23 27
23 30
23 32
23 40
23 41
23 55
24 32
24 37
24 40
24 41
24 55
25 31
25 33
25 35
25 39
26 42
26 51
27 32
27 38
28 31
28 42
28 43
29 56
30 40
31 33
31 35
31 43
31 49
32 41
32 55
33 39
35 39
35 44
35 49
35 50
36 57
37 46
37 48
37 55
39 50
41 48
41 55
42 43
44 49
44 50
44 52
46 53
47 49
48 53
48 55
