1 2
1 3
1 4
1 5
1 11
1 36
1 37
1 112
1 117
1 118
1 119
1 121
2 3
2 4
2 5
2 6
2 8
2 14
2 37
2 112
2 118
2 121
3 4
3 5
3 7
3 9
3 34
3 37
3 45
3 112
3 117
4 8
4 10
4 11
4 14
4 16
4 112
4 117
4 118
4 119
5 12
5 15
5 36
5 37
5 112
5 118
6 14
6 17
6 32
6 118
6 121
7 9
7 13
7 18
7 19
7 34
7 37
7 47
8 10
8 14
8 16
8 22
8 25
8 26
8 118
8 119
9 13
9 21
9 31
9 37
9 45
9 117
10 11
10 16
10 22
10 25
10 27
10 50
10 118
10 119
10 122
11 24
11 50
11 112
11 119
11 120
11 122
12 15
12 20
12 28
12 36
12 37
12 66
13 18
13 19
13 21
13 31
13 45
13 52
14 17
14 22
14 32
14 118
14 121
15 20
15 34
15 37
15 39
16 22
16 25
16 26
16 27
16 40
17 23
17 30
17 32
18 19
18 21
18 34
18 38
18 47
18 79
19 21
19 29
19 38
19 44
19 49
20 28
20 39
20 48
20 67
20 88
21 29
21 31
21 44
21 52
21 64
22 26
22 32
22 59
23 30
23 35
23 55
24 33
24 50
24 112
24 120
25 27
25 40
25 50
25 89
25 119
25 122
26 27
26 41
26 43
26 59
27 40
27 41
27 43
27 68
28 46
28 48
28 66
28 71
28 74
29 38
29 42
29 44
29 49
29 62
30 32
30 35
30 51
30 55
30 81
31 45
31 52
31 64
32 59
32 81
33 50
33 65
34 37
34 39
34 47
34 88
35 54
35 55
36 37
36 66
36 76
37 117
38 47
38 49
38 56
38 79
39 47
39 67
39 88
40 43
40 68
40 69
40 89
40 122
41 43
41 57
41 59
41 63
41 107
42 44
42 49
42 58
42 62
42 70
42 82
43 57
43 60
43 68
44 52
44 53
44 62
45 64
45 117
46 48
46 71
46 74
47 79
47 88
48 61
48 67
49 56
49 58
49 82
50 83
50 119
50 120
50 122
51 55
51 81
51 86
52 53
52 64
52 106
53 62
53 103
53 106
54 55
54 77
54 80
55 77
55 86
56 79
56 82
56 97
57 60
57 63
57 78
57 92
57 99
58 70
58 82
58 87
58 98
59 81
59 107
60 68
60 73
60 78
60 99
61 96
62 70
63 92
63 107
64 106
65 72
66 71
67 75
67 88
67 111
68 69
68 73
68 89
69 84
69 89
70 85
71 74
72 90
73 95
74 94
75 88
75 93
76 100
77 80
78 91
78 99
79 88
80 101
81 107
82 97
82 98
83 122
85 102
86 108
87 98
87 104
88 111
89 122
90 115
91 99
91 105
92 113
94 110
97 109
99 105
101 114
112 118
112 119
112 120
117 118
119 122
