2.68838890394868
2.87342773216841
2.20023801877704
2.65504805270687
2.10892904980732
1.89579948944071
2.33275802554367
2.72865062814709
2.71380060284635
1.80063914547126
2.68613628734475
1.61868395346772
2.38968792401628
2.47786131996658
1.83493766766609
2.4192435810512
2.13143830387032
2.49084317188807
1.82548794489093
2.37322161848272
2.33031063090874
1.39048516250589
2.27377258623836
2.35364502548194
1.56253800932495
2.47638190954774
3.29579892280072
1.36186046511628
2.08663549101649
1.53610045343565
1.05632502308403
2.09646856158484
1.24049551473729
2.3951250801796
2.17932031814895
1.69908735332464
2.766280004594
3.32099767353785
2.64470020952326
2.04291845493562
1.26371870005328
2.48730579765063
2.19628252788104
2.02122015915119
2.12930310663308
2.25527426160338
0.860103626943005
2.14366998577525
3.25354163908381
1.79472140762463
2.19672131147541
1.05694760820046
1.11432325886991
2
2.17699115044248
0.807692307692308
2
2.51567944250871
3.03967871485944
2.95362861301726
1.11731843575419
0.275862068965517
2
0.571428571428571
0.549019607843137
2
2
2
2.09411764705882
1.4937343358396
1.11428571428571
2.07441860465116
1.35955056179775
1.58333333333333
1
0
3.98726462294187
