1 2
1 3
2 4
3 5
5 6
4 7
4 8
7 8
7 9
8 9
6 10
9 11
10 12
7 13
9 13
11 13
11 14
13 14
12 15
5 16
6 16
10 16
10 17
12 17
15 17
14 18
15 19
5 20
6 20
10 20
16 20
17 20
14 21
18 21
12 22
15 22
19 22
18 24
21 24
23 24
19 25
12 26
15 26
17 26
1 27
2 27
3 27
4 27
15 28
19 28
22 28
25 28
15 29
17 29
19 29
22 29
26 29
19 30
25 30
28 30
25 33
30 33
31 33
18 34
21 34
23 34
24 34
23 35
32 35
19 36
25 36
29 36
30 36
11 37
14 37
18 37
2 38
4 38
8 38
27 38
1 39
3 39
5 39
16 39
23 40
32 40
35 40
25 41
31 41
33 41
36 41
14 42
18 42
34 42
37 42
23 43
24 43
32 43
35 43
32 44
23 45
34 45
35 45
40 45
11 46
13 46
14 46
21 46
31 47
19 48
29 48
36 48
7 49
8 49
9 49
11 49
38 49
31 50
33 50
32 51
35 51
43 51
44 51
25 52
30 52
33 52
50 52
25 53
31 53
33 53
41 53
47 53
44 54
32 55
44 55
51 55
54 55
47 56
32 57
40 57
44 57
54 57
18 58
34 58
42 58
45 58
9 59
11 59
13 59
37 59
49 59
10 60
17 60
20 60
26 60
36 61
41 61
53 61
56 62
53 65
61 65
64 65
54 66
44 67
54 67
57 67
63 67
44 68
57 68
63 68
67 68
40 69
57 69
68 69
25 70
36 70
41 70
48 70
53 70
61 70
31 71
47 71
53 71
56 71
64 71
65 71
21 72
24 72
6 73
10 73
12 73
17 73
31 74
33 74
47 74
50 74
62 75
64 75
1 77
2 77
3 77
39 77
