1 55337
2 53110
3 52939
4 49635
5 48529
6 34474
7 23178
8 39324
9 26211
10 22845
11 17876
12 11263
13 14742
14 10775
15 12676
16 33925
17 17029
18 10759
19 8712
20 24111
21 5185
22 4248
23 5481
24 4515
25 4935
26 4977
27 27852
28 3227
29 8128
30 2869
31 1085
32 1163
33 2343
34 6238
35 2768
36 3837
37 8709
38 18485
39 34843
40 934
41 1879
42 5280
43 1347
44 379
45 2384
46 1898
47 388
48 2814
49 7555
50 343
51 185
52 441
53 763
54 94
55 115
56 106
57 249
58 863
59 6227
60 4811
61 181
62 31
63 9
64 23
65 53
66 10
67 84
68 35
69 87
70 401
71 142
72 432
73 2850
74 194
75 10
76 3
77 10995
